[{"A_matrix": [[-0.15487282009275, 0.2764445413142093, 0.3412340078136907, -0.23464154559975642], [0.2764445413142093, -0.0075230033690514685, -0.3670008172965347, 0.0246832277494743], [0.3412340078136907, -0.3670008172965347, -0.3420660752909289, -0.22655934966459973], [-0.23464154559975645, 0.024683227749474304, -0.22655934966459973, -0.7455381012472694]], "b_vector": [[0.442957639461282], [0.4567011847940213], [0.7122074140453136], [0.29660269187840055]]}, {"A_matrix": [[-0.15487282009275, 0.2764445413142093, 0.3412340078136907, -0.23464154559975642], [0.2764445413142093, -0.0075230033690514685, -0.3670008172965347, 0.0246832277494743], [0.3412340078136907, -0.3670008172965347, -0.3420660752909289, -0.22655934966459973], [-0.23464154559975645, 0.024683227749474304, -0.22655934966459973, -0.7455381012472694]], "b_vector": [[-0.1413795895818982], [0.783034132675255], [0.03605644209902887], [0.6046232642715004]]}, {"A_matrix": [[-0.15487282009275, 0.2764445413142093, 0.3412340078136907, -0.23464154559975642], [0.2764445413142093, -0.0075230033690514685, -0.3670008172965347, 0.0246832277494743], [0.3412340078136907, -0.3670008172965347, -0.3420660752909289, -0.22655934966459973], [-0.23464154559975645, 0.024683227749474304, -0.22655934966459973, -0.7455381012472694]], "b_vector": [[0.1745051383857462], [0.5081855971112413], [0.5380926621090386], [-0.6494240852863948]]}, {"A_matrix": [[-0.15487282009275, 0.2764445413142093, 0.3412340078136907, -0.23464154559975642], [0.2764445413142093, -0.0075230033690514685, -0.3670008172965347, 0.0246832277494743], [0.3412340078136907, -0.3670008172965347, -0.3420660752909289, -0.22655934966459973], [-0.23464154559975645, 0.024683227749474304, -0.22655934966459973, -0.7455381012472694]], "b_vector": [[-0.40983209065743414], [0.8345185449924749], [-0.1380583098372463], [-0.34140351289329507]]}]